MEME version 5

ALPHABET= ACGT

strands: + -

MOTIF psph_5mC_core
letter-probability matrix: alength= 4 w= 21 nsites= 17 E= 0
 0.176471 0.294118 0.294118 0.235294
 0.058824 0.235294 0.411765 0.294118
 0.117647 0.294118 0.529412 0.058824
 0.411765 0.235294 0.294118 0.058824
 0.411765 0.117647 0.235294 0.235294
 0.352941 0.176471 0.117647 0.352941
 0.411765 0.058824 0.235294 0.294118
 0.058824 0.235294 0.294118 0.411765
 0.117647 0.235294 0.294118 0.352941
 0.000000 0.647059 0.235294 0.117647
 0.000000 1.000000 0.000000 0.000000
 0.117647 0.000000 0.705882 0.176471
 0.705882 0.000000 0.235294 0.058824
 0.058824 0.117647 0.764706 0.058824
 0.176471 0.235294 0.352941 0.235294
 0.294118 0.235294 0.411765 0.058824
 0.117647 0.294118 0.411765 0.176471
 0.058824 0.411765 0.352941 0.176471
 0.235294 0.176471 0.117647 0.470588
 0.235294 0.352941 0.294118 0.117647
 0.176471 0.117647 0.647059 0.058824
